LastRestartTime=09/10/2014 at 21:50:47.
LockerPosX=222.048110
LockerPosY=184.928283
LockerPosZ=1003.031250
LockerPosInt=3
ArrestPosX=197.687347
ArrestPosY=168.306777
ArrestPosZ=1003.023437
AgencyDoorPosX=-1873.473999
AgencyDoorPosY=-217.863235
AgencyDoorPosZ=18.375000
AgencyDoorPosInt=0
AgencyGarageEntranceX=-1887.545166
AgencyGarageEntranceY=-201.700119
AgencyGarageEntranceZ=17.491825
AgencyGarageExitX=1087.978271
AgencyGarageExitY=1523.841430
AgencyGarageExitZ=5.836976
AgencyIntPosX=-53.406341
AgencyIntPosY=-240.820892
AgencyIntPosZ=-3.470937
AgencyIntPosInt=0
DrivingTestCost=100
DrivingTestTime=240
TruckerTestCost=750
TruckerTestTime=240
OwnedCarSpawnX=2160.294189
OwnedCarSpawnY=1396.584838
OwnedCarSpawnZ=10.820312
OwnedCarSpawn2X=1665.235961
OwnedCarSpawn2Y=1798.524658
OwnedCarSpawn2Z=10.820312
MaterialDropX1=2843.131835
MaterialDropY1=1635.484619
MaterialDropZ1=10.820312
MaterialDropX2=1902.171752
MaterialDropY2=742.196289
MaterialDropZ2=14.273437
Taxrate=10
TaxrateTimer=1376946988
MaterialDropX3=-2246.809570
MaterialDropY3=2547.220458
MaterialDropZ3=1.609573
MaterialDropX4=2864.232421
MaterialDropY4=2570.527099
MaterialDropZ4=10.820312
MaterialDropX5=1330.056030
MaterialDropY5=1083.800781
MaterialDropZ5=10.820312
VipLoungeExtX=1456.131347
VipLoungeExtY=2773.411621
VipLoungeExtZ=10.820312
VipLoungeIntX=834.667297
VipLoungeIntY=7.379497
VipLoungeIntZ=1004.187011
VipLoungeInterior=3
VipLoungeVW=0
VipCarSpawnX=1515.263916
VipCarSpawnY=2824.794677
VipCarSpawnZ=10.824650
VipLoungeLockerX=822.012390
VipLoungeLockerY=3.025184
VipLoungeLockerZ=1004.179687
VipVehicleGroup=3
MobilePrice=150
AdVizPrice=100
MatSafeMoney=280
MatSafeMaterials=170
DelivererSupplies=10000
DropCarX=1080.645507
DropCarY=2069.848632
DropCarZ=10.820312
Prison1X=1675.627563
Prison1Y=1450.079223
Prison1Z=-68.634063
Prison1Int=0
SupplyPickupX=291.033172
SupplyPickupY=2542.918701
SupplyPickupZ=16.820508
GasPickupX=-15.425046
GasPickupY=1388.848510
GasPickupZ=11.288749
OwnedBoatSpawnX=-2232.364257
OwnedBoatSpawnY=2425.368408
OwnedBoatSpawnZ=-0.635668
FishDeadZoneX=-2282.590087
FishDeadZoneY=2151.325683
FishDeadZoneZ=-1.142152
TicketPosX=232.432495
TicketPosY=161.593002
TicketPosZ=1003.023437
TicketPosInt=3
TicketPosVW=45001
RegistrationCost=100
TotalMobileMoney=31117950
AgencyHQGarageEntranceX=-45.631275
AgencyHQGarageEntranceY=-252.702575
AgencyHQGarageEntranceZ=-1.173807
AgencyHQGarageEntranceInt=0
AgencyHQGarageExitX=1084.963256
AgencyHQGarageExitY=1523.869384
AgencyHQGarageExitZ=5.833111
BusinessGroupFee=6000
BikeSpawnX=2590.320556
BikeSpawnY=1034.254150
GarbagePay=750
Prison2X=1675.627563
Prison2Y=1450.079223
Prison2Z=-68.634063
Prison2Int=0
Prison2World=0
TaxGroup=3
YiniHouses=1
YiniBusinesses=1
YiniJobs=1
YiniGroups=1
BillboardPrice=2500
BillboardsDays=6
AdStatus=0
VanSpawnX=1988.970947
VanSpawnY=2049.132080
VanSpawnZ=10.820312
TopEggCount=0
TopEggName=
Candidate1=None
Candidate1Votes=0
Candidate2=None
Candidate2Votes=0
Candidate3=None
Candidate3Votes=0
VotingOpen=0
ConvertedToMysql=1
