SpawnX=1715.496704
SpawnY=-1898.242431
SpawnZ=13.566438
SpawnInt=0
SpawnWorld=0
DefaultSkin=0
NoobMoneySpawn=10000
